{
  "ts": 1096255085.562197,
  "uid": "CPLtjN1OJV6j0hQWNb",
  "id.orig_h": "192.168.50.50",
  "id.orig_p": 123,
  "id.resp_h": "216.27.185.42",
  "id.resp_p": 123,
  "version": 3,
  "mode": 2,
  "stratum": 2,
  "poll": 1024.0,
  "precision": 0.000003814697265625,
  "root_delay": 0.02984619140625,
  "root_disp": 0.0454559326171875,
  "ref_id": "164.67.62.194",
  "ref_time": 1096254209.896379,
  "org_time": 1096255084.9228964,
  "rec_time": 1096255083.849099,
  "xmt_time": 1096255083.849269,
  "num_exts": 0
}
